function [allChicoSessionList,allChicoSessionDcdPerf] = chicoBCIsessions
%
%
%
%
%

allChicoSessionList = {'CS20120815';'CS20120817';...
    'CS20120824';...
    'CS20120912';'CS20120913';'CS20120914';...
    'CS20120917';'CS20120918';'CS20120919';'CS20120920';'CS20120921';...
    'CS20120924';'CS20120925';'CS20120926';'CS20120927';'CS20120928';...
    'CS20121001';'CS20121002';'CS20121003';'CS20121004';'CS20121005';...
    'CS20121012';...
    'CS20121015';'CS20121016';'CS20121017';'CS20121018';'CS20121019';...
    'CS20121022';'CS20121023';'CS20121024';'CS20121025';'CS20121026';...
    'CS20121105';'CS20121106';'CS20121108';...
    'CS20121113';'CS20121114';'CS20121115';'CS20121116';...
    'CS20121119';'CS20121120';'CS20121121';...
    'CS20121126';'CS20121127';'CS20121128';...
    'CS20130410';'CS20130411';'CS20130412';...
    'CS20130415';'CS20130416';'CS20130417';'CS20130418';...
    'CS20130422';'CS20130423';'CS20130424';'CS20130425';'CS20130426';...
    'CS20130428';'CS20130429';'CS20130430';...
    'CS20130501';'CS20130502';'CS20130503';...
    'CS20130617';'CS20130618'};

allChicoSessionDcdPerf = [44,53,50,71,70,75,72,75,77,68,73,68,74,70,70,71,42,...
    42,48,45,42,68,67,69,70,72,75,59,69,72,74,74,52,78,83,78,70,76,42,79,84,...
    82,71,77,78,80,82,74,76,71,75,77,76,65,77,77,70,69,72,71,63,69,69,64,44];
